# EuRoC Vicon Room 01 Dataset

# Stereo Image Paths
image_left_path: "/Users/saulll./Desktop/Edge-Based Visual Odometry/datasets/EuRoC/mav0 3/cam0/data"
image_right_path: "/Users/saulll./Desktop/Edge-Based Visual Odometry/datasets/EuRoC/mav0 3/cam1/data"

# Stereo Instrinsic Parameters
cam0:
  resolution: [752, 480]
  rate_hz: 20
  camera_model: pinhole
  intrinsics: [458.654, 457.296, 367.215, 248.375]
  distortion_model: radial-tangential
  distortion_coefficients: [-0.28340811, 0.07395907, 0.00019359, 1.76187114e-05]

cam1:
  resolution: [752, 480]
  rate_hz: 20
  camera_model: pinhole
  intrinsics: [457.587, 456.134, 379.999, 255.238]
  distortion_model: radial-tangential
  distortion_coefficients: [-0.28368365,  0.07451284, -0.00010473, -3.55590700e-05]

# Stereo Extrinsic Parameters
stereo:
  rotation_matrix:
  - [0.999997256477450, 0.002312067192420, 0.000376008102351]
  - [-0.002317135723285, 0.999898048506528, 0.014089835846697]
  - [-0.000343393120589, -0.014090668452670, 0.999900662638179]

  translation_vector: [-0.110073808127139, 0.000399121547014534, -0.000853702503351098]

# General Dataset Information
dataset_info:
  sequence: "V1_01_easy"
  description: "EuRoC Vicon Room 01 Dataset"
  sensor_type: "stereo"
  frame_rate: 20.0
  imu_topic: "/imu0"
  camera_topics: ["/cam0", "/cam1"]
