# EuRoC Machine Hall 01 Dataset

# Stereo Image Paths
image_left_path: "/Users/saulll./Desktop/Edge-Based Visual Odometry/datasets/EuRoC/mav0 3/cam0/data"
image_right_path: "/Users/saulll./Desktop/Edge-Based Visual Odometry/datasets/EuRoC/mav0 3/cam1/data"

# Camera Parameters
cam0:
  resolution: [752, 480]
  rate_hz: 20
  camera_model: pinhole
  intrinsics: [458.654, 457.296, 367.215, 248.375]
  distortion_model: radial-tangential
  distortion_coefficients: [-0.28340811, 0.07395907, 0.00019359, 1.76187114e-05]
  rotation_matrix:
    - [0.0148655429818, -0.999880929698, 0.00414029679422]
    - [0.999557249008, 0.0149672133247, 0.025715529948]
    - [-0.0257744366974, 0.00375618835797, 0.999660727178]
  translation_vector: [-0.0216401454975, -0.064676986768, 0.00981073058949]

cam1:
  resolution: [752, 480]
  rate_hz: 20
  camera_model: pinhole
  intrinsics: [457.587, 456.134, 379.999, 255.238]
  distortion_model: radial-tangential
  distortion_coefficients:
    [-0.28368365, 0.07451284, -0.00010473, -3.55590700e-05]
  rotation_matrix:
    - [0.0125552670891, -0.999755099723, 0.0182237714554]
    - [0.999598781151, 0.0130119051815, 0.0251588363115]
    - [-0.0253898008918, 0.0179005838253, 0.999517347078]
  translation_vector: [-0.0198435579556, 0.0453689425024, 0.00786212447038]

# General Dataset Information
dataset_info:
  sequence: "MH_01_easy"
  description: "EuRoC Machine Hall 01 Dataset"
  sensor_type: "stereo"
  frame_rate: 20.0
  imu_topic: "/imu0"
  camera_topics: ["/cam0", "/cam1"]
