# ETH3D Low-Resolution, Multi-View Delivery Area Dataset

# Dataset Details
dataset_dir: "/Users/saulll./Desktop/Edge-Based Visual Odometry/datasets"
sequence_name: "delivery_area"
dataset_type: "ETH3D"

# Stereo Intrinsic Parameters
left_camera:
  resolution: [752, 480]
  intrinsics: [458.654, 457.296, 367.215, 248.375]

right_camera:
  resolution: [752, 480]
  intrinsics: [457.587, 456.134, 379.999, 255.238]

# Stereo Extrinsic Parameters
stereo:
  #Left Image to Right Image
  R21:
  - [0.999997256477450, 0.002312067192420, 0.000376008102351]
  - [-0.002317135723285, 0.999898048506528, 0.014089835846697]
  - [-0.000343393120589, -0.014090668452670, 0.999900662638179]

  T21: [-0.110073808127139, 0.000399121547014534, -0.000853702503351098]
  
  F21: 
  - [-0.000000000010078,   0.000000004052476,  -0.000000104401616]
  - [-0.000000004261310,  -0.000000007445229,   0.000244708366120]
  - [0.000000777375193,  -0.000240322927898,  -0.004075216392012]

  #Right Image to Left Image
  R12:
  - [0.999997256477450,  -0.002317135723285,  -0.000343393120589]
  - [0.002312067192420,   0.999898048506528,  -0.014090668452670]
  - [0.000376008102351,   0.014089835846697,   0.999900662638179]

  T12: [0.110074137800392, -0.000156612054393, 0.000889382785429]
  
  F12: 
  - [-0.000000000010078,  -0.000000004261310,   0.000000777375193]
  - [0.000000004052476,  -0.000000007445229,  -0.000240322927898]
  - [-0.000000104401616,   0.000244708366120,  -0.004075216392012]
